12
151
210
185
189
198
143
151
92
82
200
82
152
135
149
196
203
140
130
143
152
102
152
153
152
172
143
151
192
200
152
152
187
175
200
135
137
121
132
205
124
162
147
143
152
140
207
137
132
133
192
162
131
152
82
164
82
88
134
133
151
124
137
144
120
115
144
152
92
151
92
138
211
102
152
207
143
132
82
152
121
82
199
176
208
120
123
149
113
139
144
118
187
152
131
131
82
146
128
147
210
92
120
124
136
151
136
162
172
93
162
152
197
128
120
102
73
152
129
148
115
122
125
128
172
131
138
146
151
143
81
94
187
172
102
172
210
136
140
152
148
131
92
126
113
152
141
125
92
135
92
102
102
152
95
3
151
102
135
136
143
143
102
172
158
140
82
127
148
129
172
92
190
103
138
129
140
149
152
102
142
152
140
158
152
135
154
211
191
209
151
92
218
88
195
