240
192
459
470
466
325
403
537
196
274
286
341
527
363
133
94
331
373
294
90
88
266
429
218
269
275
239
378
85
385
349
280
157
180
540
188
56
300
89
534
384
431
423
79
366
381
337
376
525
338
440
330
371
473
126
12
512
325
392
243
213
78
133
263
275
199
212
361
203
329
524
92
213
134
216
86
217
178
212
443
155
353
300
324
365
377
78
518
83
374
328
510
142
174
52
181
290
372
425
355
346
161
438
59
524
233
183
142
391
458
160
426
83
535
518
404
101
91
102
302
308
105
356
350
435
140
476
199
390
105
320
347
227
221
114
349
496
218
71
496
196
403
502
250
404
263
212
87
22
513
240
365
418
434
337
83
153
342
489
484
94
331
424
229
77
478
478
259
212
360
50
84
87
184
405
69
94
161
54
279
12
343
428
125
415
282
