140
91
59
54
67
62
123
82
117
88
80
92
118
117
52
147
118
79
114
55
75
69
69
147
112
101
53
52
120
60
144
67
68
129
60
137
59
117
63
131
74
60
103
53
102
92
147
132
161
107
140
88
100
98
88
127
126
76
127
61
64
61
125
91
62
120
125
78
104
116
35
148
88
135
62
58
124
145
66
51
122
52
112
154
75
85
82
129
53
91
101
132
99
136
101
92
145
125
55
88
66
95
102
86
124
68
56
70
146
67
128
152
50
83
135
92
148
62
126
68
132
119
102
99
89
101
99
104
105
97
147
138
124
89
127
63
98
74
88
98
121
108
85
85
119
67
87
137
59
57
62
60
109
62
119
68
142
111
78
67
92
119
62
84
89
135
103
92
141
136
147
82
75
80
129
119
133
113
66
115
105
128
136
135
121
55
119
143
125
103
127
128
57
87
75
74
64
131
