100
68
60
74
105
16
94
49
171
173
75
138
142
94
110
130
90
145
105
147
63
87
87
49
156
104
105
55
109
119
58
58
177
65
57
97
73
141
126
88
99
53
129
96
104
78
86
129
175
86
146
81
104
79
50
69
175
117
163
167
117
68
152
138
116
170
119
67
112
72
106
67
137
80
92
74
117
57
59
49
114
86
149
94
127
149
119
55
115
122
175
168
140
97
129
141
112
166
73
68
114
146
51
112
73
82
121
115
55
137
64
110
55
156
105
83
113
109
60
147
51
54
69
77
109
157
58
9
73
84
87
72
123
65
123
140
50
57
101
109
109
133
89
48
93
65
109
127
149
63
133
106
85
54
51
140
118
116
60
92
49
91
141
82
76
90
58
69
98
55
67
98
69
76
109
108
79
149
58
112
175
63
65
117
97
143
126
139
81
78
10
124
141
133
84
