266
25
548
72
89
67
224
419
514
106
333
215
14
464
217
282
220
524
221
406
222
293
313
327
458
39
529
479
376
414
292
460
349
109
425
389
257
354
315
495
294
330
303
361
528
362
484
392
446
61
266
161
180
497
48
441
432
311
386
534
63
32
67
232
92
240
454
538
205
121
224
130
291
249
301
550
279
499
468
508
55
84
135
331
264
167
141
344
495
546
443
88
245
331
390
350
360
193
490
122
102
339
198
332
306
81
154
373
182
320
307
314
217
440
446
221
219
66
339
351
456
227
50
293
534
240
483
523
456
439
387
108
275
518
396
318
561
258
378
143
345
196
170
64
42
555
297
455
521
56
512
248
338
553
247
231
361
114
226
550
418
353
363
162
132
308
516
37
539
138
426
76
122
211
116
359
107
473
68
295
96
486
